1 0.167986 0.000517 0.271913 0.169008 0.001500 0.272000 
2 0.171293 0.002233 0.270044 0.170016 0.003000 0.270000 
3 0.172091 0.003874 0.267983 0.171024 0.004500 0.268000 
4 0.172669 0.005460 0.265951 0.172032 0.006000 0.266000 
5 0.173795 0.007029 0.263973 0.173040 0.007500 0.264000 
6 0.174877 0.008582 0.261979 0.174048 0.009000 0.262000 
7 0.175849 0.010121 0.259976 0.175056 0.010500 0.260000 
8 0.176846 0.011655 0.257978 0.176064 0.012000 0.258000 
9 0.177867 0.013185 0.255981 0.177072 0.013500 0.256000 
10 0.178879 0.014714 0.253983 0.178080 0.015000 0.254000 
11 0.179887 0.016240 0.251985 0.179088 0.016500 0.252000 
12 0.180898 0.017767 0.249987 0.180096 0.018000 0.250000 
13 0.181910 0.019293 0.247989 0.181104 0.019500 0.248000 
14 0.182922 0.020819 0.245990 0.182112 0.021000 0.246000 
15 0.183935 0.022345 0.243992 0.183120 0.022500 0.244000 
16 0.184948 0.023871 0.241994 0.184128 0.024000 0.242000 
17 0.185961 0.025398 0.239995 0.185136 0.025500 0.240000 
18 0.186975 0.026925 0.237996 0.186144 0.027000 0.238000 
19 0.187989 0.028452 0.235998 0.187152 0.028500 0.236000 
20 0.189004 0.029979 0.233999 0.188160 0.030000 0.234000 
21 0.190019 0.031507 0.231999 0.189168 0.031500 0.232000 
22 0.191035 0.033035 0.230000 0.190176 0.033000 0.230000 
23 0.192051 0.034563 0.228000 0.191184 0.034500 0.228000 
24 0.193068 0.036091 0.226000 0.192192 0.036000 0.226000 
25 0.194085 0.037620 0.224000 0.193200 0.037500 0.224000 
26 0.195103 0.039148 0.222000 0.194208 0.039000 0.222000 
27 0.196121 0.040677 0.219999 0.195216 0.040500 0.220000 
28 0.197140 0.042206 0.217999 0.196224 0.042000 0.218000 
29 0.198159 0.043735 0.215997 0.197232 0.043500 0.216000 
30 0.199178 0.045264 0.213996 0.198240 0.045000 0.214000 
31 0.200199 0.046794 0.211994 0.199248 0.046500 0.212000 
32 0.201219 0.048323 0.209992 0.200256 0.048000 0.210000 
33 0.202241 0.049853 0.207990 0.201264 0.049500 0.208000 
34 0.203262 0.051382 0.205987 0.202272 0.051000 0.206000 
35 0.204284 0.052912 0.203984 0.203280 0.052500 0.204000 
36 0.205307 0.054442 0.201981 0.204288 0.054000 0.202000 
37 0.206330 0.055972 0.199977 0.205296 0.055500 0.200000 
38 0.207354 0.057502 0.197973 0.206304 0.057000 0.198000 
39 0.208378 0.059032 0.195969 0.207312 0.058500 0.196000 
40 0.209402 0.060562 0.193964 0.208320 0.060000 0.194000 
41 0.210427 0.062092 0.191959 0.209328 0.061500 0.192000 
42 0.211453 0.063623 0.189954 0.210336 0.063000 0.190000 
43 0.212478 0.065153 0.187949 0.211344 0.064500 0.188000 
44 0.213504 0.066683 0.185943 0.212352 0.066000 0.186000 
45 0.214530 0.068213 0.183937 0.213360 0.067500 0.184000 
46 0.215557 0.069743 0.181930 0.214368 0.069000 0.182000 
47 0.216584 0.071273 0.179924 0.215376 0.070500 0.180000 
48 0.217611 0.072803 0.177917 0.216384 0.072000 0.178000 
49 0.218638 0.074332 0.175909 0.217392 0.073500 0.176000 
50 0.219666 0.075862 0.173902 0.218400 0.075000 0.174000 
51 0.220693 0.077391 0.171894 0.219408 0.076500 0.172000 
52 0.221720 0.078919 0.169886 0.220416 0.078000 0.170000 
53 0.222748 0.080448 0.167878 0.221424 0.079500 0.168000 
54 0.223776 0.081976 0.165870 0.222432 0.081000 0.166000 
55 0.224804 0.083504 0.163861 0.223440 0.082500 0.164000 
56 0.225831 0.085031 0.161853 0.224448 0.084000 0.162000 
57 0.226858 0.086558 0.159844 0.225456 0.085500 0.160000 
58 0.227885 0.088084 0.157835 0.226464 0.087000 0.158000 
59 0.228912 0.089609 0.155826 0.227472 0.088500 0.156000 
60 0.229938 0.091134 0.153817 0.228480 0.090000 0.154000 
61 0.230964 0.092658 0.151809 0.229488 0.091500 0.152000 
62 0.231989 0.094181 0.149800 0.230496 0.093000 0.150000 
63 0.233014 0.095703 0.147790 0.231504 0.094500 0.148000 
64 0.234038 0.097225 0.145782 0.232512 0.096000 0.146000 
65 0.235062 0.098745 0.143773 0.233520 0.097500 0.144000 
66 0.236084 0.100264 0.141764 0.234528 0.099000 0.142000 
67 0.237105 0.101781 0.139755 0.235536 0.100500 0.140000 
68 0.238126 0.103298 0.137747 0.236544 0.102000 0.138000 
69 0.239146 0.104813 0.135738 0.237552 0.103500 0.136000 
70 0.240165 0.106327 0.133730 0.238560 0.105000 0.134000 
71 0.241182 0.107839 0.131722 0.239568 0.106500 0.132000 
72 0.242197 0.109350 0.129714 0.240576 0.108000 0.130000 
73 0.243211 0.110858 0.127707 0.241584 0.109500 0.128000 
74 0.244224 0.112366 0.125700 0.242592 0.111000 0.126000 
75 0.245236 0.113871 0.123693 0.243600 0.112500 0.124000 
76 0.246245 0.115375 0.121686 0.244608 0.114000 0.122000 
77 0.247253 0.116876 0.119680 0.245616 0.115500 0.120000 
78 0.248258 0.118375 0.117674 0.246624 0.117000 0.118000 
79 0.249261 0.119873 0.115669 0.247632 0.118500 0.116000 
80 0.250262 0.121368 0.113664 0.248640 0.120000 0.114000 
81 0.251261 0.122860 0.111660 0.249648 0.121500 0.112000 
82 0.252256 0.124351 0.109656 0.250656 0.123000 0.110000 
83 0.253250 0.125839 0.107653 0.251664 0.124500 0.108000 
84 0.254240 0.127324 0.105650 0.252672 0.126000 0.106000 
85 0.255226 0.128806 0.103648 0.253680 0.127500 0.104000 
86 0.256210 0.130286 0.101646 0.254688 0.129000 0.102000 
87 0.257189 0.131763 0.099645 0.255696 0.130500 0.100000 
88 0.258165 0.133236 0.097646 0.256704 0.132000 0.098000 
89 0.259136 0.134707 0.095646 0.257712 0.133500 0.096000 
90 0.260102 0.136173 0.093648 0.258720 0.135000 0.094000 
91 0.261063 0.137636 0.091651 0.259728 0.136500 0.092000 
92 0.262018 0.139096 0.089655 0.260736 0.138000 0.090000 
93 0.262966 0.140550 0.087660 0.261744 0.139500 0.088000 
94 0.263906 0.142000 0.085667 0.262752 0.141000 0.086000 
95 0.264837 0.143444 0.083676 0.263760 0.142500 0.084000 
96 0.265757 0.144882 0.081687 0.264768 0.144000 0.082000 
97 0.266664 0.146312 0.079701 0.265776 0.145500 0.080000 
98 0.267554 0.147733 0.077718 0.266784 0.147000 0.078000 
99 0.268424 0.149142 0.075741 0.267792 0.148500 0.076000 
100 0.269265 0.150535 0.073770 0.268800 0.150000 0.074000 
