Numerpomiaru, q1, q2, q3, u1, u2, u3
1, 0.000000, 0.000000, 0.000000, 0.000000,0.024802,-0.002765
2, 0.000000, 0.000000, 0.000000, 0.000001,0.024802,-0.005525
3, 0.000000, -0.000387, 0.000000, 0.000001,0.024799,-0.006946
4, 0.000000, -0.000995, 0.000388, 0.000001,0.024797,-0.007611
5, 0.000000, -0.001765, 0.000608, 0.000001,0.024792,-0.007715
6, 0.000000, -0.002610, 0.001162, 0.000001,0.024790,-0.007558
7, 0.000000, -0.003531, 0.001457, 0.000001,0.024784,-0.007144
8, 0.000000, -0.004469, 0.002089, 0.000001,0.024782,-0.006671
9, 0.000000, -0.005450, 0.002400, 0.000001,0.024776,-0.006056
10, 0.000000, -0.006422, 0.003080, 0.000001,0.024774,-0.005466
11, 0.000000, -0.007425, 0.003379, 0.000000,0.024768,-0.004776
12, 0.000000, -0.008407, 0.004098, 0.000000,0.024765,-0.004151
13, 0.000000, -0.009419, 0.004370, 0.000000,0.024759,-0.003434
14, 0.000000, -0.010402, 0.005128, 0.000000,0.024757,-0.002806
15, 0.000000, -0.011417, 0.005363, 0.000000,0.024750,-0.002080
16, 0.000000, -0.012397, 0.006167, 0.000000,0.024749,-0.001464
17, 0.000000, -0.013415, 0.006355, 0.000000,0.024742,-0.000736
18, 0.000000, -0.014390, 0.007211, -0.000000,0.024741,-0.000136
19, 0.000000, -0.015408, 0.007343, -0.000000,0.024733,0.000592
20, 0.000000, -0.016377, 0.008263, -0.000000,0.024732,0.001171
21, 0.000000, -0.017397, 0.008324, -0.000000,0.024724,0.001901
22, 0.000000, -0.018358, 0.009323, -0.000000,0.024724,0.002456
23, 0.000000, -0.019382, 0.009296, -0.000000,0.024715,0.003190
24, 0.000000, -0.020334, 0.010393, -0.000000,0.024716,0.003718
25, 0.000000, -0.021363, 0.010257, -0.000000,0.024706,0.004459
26, 0.000000, -0.022304, 0.011476, -0.000001,0.024708,0.004957
27, 0.000000, -0.023339, 0.011205, -0.000001,0.024697,0.005708
28, 0.000000, -0.024267, 0.012574, -0.000001,0.024701,0.006171
29, 0.000000, -0.025311, 0.012135, -0.000001,0.024688,0.006938
30, 0.000000, -0.026224, 0.013693, -0.000001,0.024693,0.007361
31, 0.000000, -0.027279, 0.013042, -0.000001,0.024678,0.008151
32, 0.000000, -0.028174, 0.014838, -0.000001,0.024686,0.008525
33, 0.000000, -0.029244, 0.013920, -0.000001,0.024668,0.009345
34, 0.000000, -0.030117, 0.016015, -0.000001,0.024679,0.009663
35, 0.000000, -0.031207, 0.014761, -0.000001,0.024658,0.010524
36, 0.000000, -0.032051, 0.017236, -0.000001,0.024672,0.010773
37, 0.000000, -0.033167, 0.015552, -0.000001,0.024648,0.011687
38, 0.000000, -0.033976, 0.018513, -0.000001,0.024666,0.011853
39, 0.000000, -0.035127, 0.016280, -0.000001,0.024636,0.012839
40, 0.000000, -0.035891, 0.019863, -0.000001,0.024661,0.012902
41, 0.000000, -0.037087, 0.016925, -0.000002,0.024624,0.013978
42, 0.000000, -0.037794, 0.021308, -0.000001,0.024656,0.013913
43, 0.000000, -0.039050, 0.017462, -0.000002,0.024611,0.015108
44, 0.000000, -0.039683, 0.022878, -0.000002,0.024653,0.014884
45, 0.000000, -0.041016, 0.017855, -0.000002,0.024597,0.016233
46, 0.000000, -0.041554, 0.024615, -0.000002,0.024651,0.015806
47, 0.000000, -0.042991, 0.018060, -0.000002,0.024580,0.017354
48, 0.000000, -0.043404, 0.026571, -0.000002,0.024652,0.016669
49, 0.000000, -0.044977, 0.018015, -0.000002,0.024562,0.018475
50, 0.000000, -0.045227, 0.028821, -0.000002,0.024655,0.017457
51, 0.000000, -0.046979, 0.017634, -0.000002,0.024540,0.019598
52, 0.000000, -0.047013, 0.031466, -0.000002,0.024662,0.018146
53, 0.000000, -0.049004, 0.016808, -0.000002,0.024513,0.020719
54, 0.000000, -0.048752, 0.034642, -0.000002,0.024674,0.018699
55, 0.000000, -0.051061, 0.015383, -0.000003,0.024481,0.021830
56, 0.000000, -0.050425, 0.038536, -0.000002,0.024692,0.019055
57, 0.000000, -0.053158, 0.013156, -0.000003,0.024440,0.022905
58, 0.000000, -0.052008, 0.043404, -0.000002,0.024720,0.019117
59, 0.000000, -0.055308, 0.009851, -0.000003,0.024388,0.023891
60, 0.000000, -0.053463, 0.049602, -0.000002,0.024759,0.018721
61, 0.000000, -0.057520, 0.005102, -0.000004,0.024322,0.024678
62, 0.000000, -0.054734, 0.057612, -0.000002,0.024815,0.017588
63, 0.000000, -0.059801, 0.116795, -0.000004,0.025218,0.026051
64, 0.000000, -0.067888, 0.165169, -0.000008,0.025461,0.039146
65, 0.000000, -0.075529, 0.194314, -0.000011,0.025566,0.053724
66, 0.000000, -0.081445, 0.206892, -0.000013,0.025589,0.068177
67, 0.000000, -0.085721, 0.209721, -0.000014,0.025575,0.080808
68, 0.000000, -0.088779, 0.208039, -0.000015,0.025547,0.090775
69, 0.000000, -0.090992, 0.204665, -0.000015,0.025516,0.098124
70, 0.000000, -0.092635, 0.200900, -0.000015,0.025486,0.103319
71, 0.000000, -0.093904, 0.197283, -0.000015,0.025458,0.106910
72, 0.000000, -0.094936, 0.193997, -0.000015,0.025434,0.109379
73, 0.000000, -0.095825, 0.191062, -0.000015,0.025412,0.111103
74, 0.000000, -0.096630, 0.188431, -0.000014,0.025392,0.112348
75, 0.000000, -0.097389, 0.186036, -0.000014,0.025373,0.113292
76, 0.000000, -0.098124, 0.183807, -0.000014,0.025356,0.114049
77, 0.000000, -0.098844, 0.181685, -0.000014,0.025339,0.114686
78, 0.000000, -0.099554, 0.179623, -0.000014,0.025322,0.115237
79, 0.000000, -0.100257, 0.177587, -0.000014,0.025305,0.115719
80, 0.000000, -0.100950, 0.175553, -0.000014,0.025288,0.116138
81, 0.000000, -0.101632, 0.173504, -0.000014,0.025270,0.116492
82, 0.000000, -0.102302, 0.171431, -0.000013,0.025253,0.116777
83, 0.000000, -0.102957, 0.169327, -0.000013,0.025235,0.116988
84, 0.000000, -0.103597, 0.167188, -0.000013,0.025217,0.117122
85, 0.000000, -0.104221, 0.165014, -0.000013,0.025198,0.117174
86, 0.000000, -0.104827, 0.162801, -0.000013,0.025180,0.117141
87, 0.000000, -0.105416, 0.160550, -0.000013,0.025160,0.117021
88, 0.000000, -0.105986, 0.158258, -0.000013,0.025141,0.116810
89, 0.000000, -0.106538, 0.155927, -0.000013,0.025121,0.116508
90, 0.000000, -0.107070, 0.153556, -0.000012,0.025101,0.116111
91, 0.000000, -0.107583, 0.151142, -0.000012,0.025081,0.115618
92, 0.000000, -0.108075, 0.148686, -0.000012,0.025060,0.115028
93, 0.000000, -0.108548, 0.146186, -0.000012,0.025039,0.114337
94, 0.000000, -0.108999, 0.143640, -0.000012,0.025017,0.113544
95, 0.000000, -0.109429, 0.141047, -0.000012,0.024995,0.112646
96, 0.000000, -0.109838, 0.138405, -0.000011,0.024973,0.111640
97, 0.000000, -0.110224, 0.135712, -0.000011,0.024950,0.110525
98, 0.000000, -0.110587, 0.132967, -0.000011,0.024926,0.109298
99, 0.000000, -0.110926, 0.130166, -0.000011,0.024903,0.107953
100, 0.000000, -0.111241, 0.127309, -0.000011,0.024878,0.106489
